9.996953903127963e-01 1.000000000000000e+00
9.972590695091365e-01 9.987816540381915e-01
9.923893961834896e-01 9.951281005196484e-01
9.850923032826453e-01 9.890437907365466e-01
9.753766811902744e-01 9.805361374831407e-01
9.632543668953318e-01 9.696155060244160e-01
9.487401295704713e-01 9.562952014676114e-01
9.318516525781454e-01 9.405914525519929e-01
9.126095119260687e-01 9.225233918766378e-01
8.910371511986407e-01 9.021130325903071e-01
8.671608529944089e-01 8.793852415718169e-01
8.410097069048825e-01 8.543677091335748e-01
8.126155740732920e-01 8.270909152852017e-01
7.820130483767512e-01 7.975880925983341e-01
7.492394142787966e-01 7.658951857178540e-01
7.143346014042278e-01 7.320508075688774e-01
6.773411358908448e-01 6.960961923128519e-01
6.383040885779860e-01 6.580751451100832e-01
5.972710200946061e-01 6.180339887498947e-01
5.542919229139412e-01 5.760215072134438e-01
5.094191604455396e-01 5.320888862379558e-01
4.627074032383337e-01 4.862896509547883e-01
4.142135623731255e-01 4.386796006773019e-01
3.639967201249709e-01 3.893167409179941e-01
3.121180579810457e-01 3.382612127177158e-01
2.586407820996608e-01 2.855752193730781e-01
2.036300463040895e-01 2.313229506513159e-01
1.471528727021099e-01 1.755705045849454e-01
8.927807003003874e-02 1.183858069414927e-01
3.007614982013251e-02 5.983852846640914e-02
-3.038075950731445e-02 -9.992007221626409e-16
-9.201900052092093e-02 -6.105687442821950e-02
-1.547634765186123e-01 -1.232577064218463e-01
-2.185377430214377e-01 -1.865267138484008e-01
-2.832641009093995e-01 -2.507868131681773e-01
-3.488636910857001e-01 -3.159597133486640e-01
-4.152565905544994e-01 -3.819660112501068e-01
-4.823619097949974e-01 -4.487252883660033e-01
-5.500978913122621e-01 -5.161562088006664e-01
-6.183820092469103e-01 -5.841766183644832e-01
-6.871310699195532e-01 -6.527036446661414e-01
-7.562613131896894e-01 -7.216537980798712e-01
-8.256885145046897e-01 -7.909430734646953e-01
-8.953280875141107e-01 -8.604870525117517e-01
-9.650951871254336e-01 -9.302010065950005e-01
-1.034904812874545e+00 -1.000000000000002e+00
-1.104671912485919e+00 -1.069798993405005e+00
-1.174311485495293e+00 -1.139512947488253e+00
-1.243738686810272e+00 -1.209056926535310e+00
-1.312868930080476e+00 -1.278346201920134e+00
-1.381617990753123e+00 -1.347296355333864e+00
-1.449902108687734e+00 -1.415823381635522e+00
-1.517638090205023e+00 -1.483843791199339e+00
-1.584743409445468e+00 -1.551274711634002e+00
-1.651136308914328e+00 -1.618033988749898e+00
-1.716735899090582e+00 -1.684040286651341e+00
-1.781462256978545e+00 -1.749213186831827e+00
-1.845236523481420e+00 -1.813473286151604e+00
-1.907980999479076e+00 -1.876742293578158e+00
-1.969619240492690e+00 -1.938943125571785e+00
-2.030076149820114e+00 -2.000000000000004e+00
-2.089278070030047e+00 -2.059838528466413e+00
-2.147152872702077e+00 -2.118385806941497e+00
-2.203630046304091e+00 -2.175570504584949e+00
-2.258640782099718e+00 -2.231322950651320e+00
-2.312118057980999e+00 -2.285575219373082e+00
-2.363996720124959e+00 -2.338261212717720e+00
-2.414213562373101e+00 -2.389316740917998e+00
-2.462707403238340e+00 -2.438679600677306e+00
-2.509419160445557e+00 -2.486289650954792e+00
-2.554291922913907e+00 -2.532088886237959e+00
-2.597271020094571e+00 -2.576021507213447e+00
-2.638304088577968e+00 -2.618033988749898e+00
-2.677341135890855e+00 -2.658075145110086e+00
-2.714334601404258e+00 -2.696096192312855e+00
-2.749239414278791e+00 -2.732050807568880e+00
-2.782013048376665e+00 -2.765895185717857e+00
-2.812615574073289e+00 -2.797588092598336e+00
-2.841009706904916e+00 -2.827090915285204e+00
-2.867160852994399e+00 -2.854367709133577e+00
-2.891037151198600e+00 -2.879385241571819e+00
-2.912609511926014e+00 -2.902113032590309e+00
-2.931851652578100e+00 -2.922523391876640e+00
-2.948740129570496e+00 -2.940591452551995e+00
-2.963254366895336e+00 -2.956295201467612e+00
-2.975376681190267e+00 -2.969615506024417e+00
-2.985092303282663e+00 -2.980536137483142e+00
-2.992389396183501e+00 -2.989043790736547e+00
-2.997259069509107e+00 -2.995128100519649e+00
-2.999695390312758e+00 -2.998781654038192e+00
-2.999695390312775e+00 -3.000000000000000e+00
-2.997259069509126e+00 -2.998781654038191e+00
-2.992389396183503e+00 -2.995128100519648e+00
-2.985092303282622e+00 -2.989043790736546e+00
-2.975376681190276e+00 -2.980536137483139e+00
-2.963254366895318e+00 -2.969615506024415e+00
-2.948740129570432e+00 -2.956295201467610e+00
-2.931851652578137e+00 -2.940591452551991e+00
-2.912609511926094e+00 -2.922523391876636e+00
-2.891037151198637e+00 -2.902113032590305e+00
-2.867160852994386e+00 -2.879385241571814e+00
-2.841009706904864e+00 -2.854367709133572e+00
-2.812615574073267e+00 -2.827090915285199e+00
-2.782013048376718e+00 -2.797588092598331e+00
-2.749239414278808e+00 -2.765895185717850e+00
-2.714334601404206e+00 -2.732050807568873e+00
-2.677341135890841e+00 -2.696096192312847e+00
-2.638304088577988e+00 -2.658075145110079e+00
-2.597271020094596e+00 -2.618033988749890e+00
-2.554291922913905e+00 -2.576021507213438e+00
-2.509419160445545e+00 -2.532088886237950e+00
-2.462707403238310e+00 -2.486289650954783e+00
-2.414213562373090e+00 -2.438679600677296e+00
-2.363996720125016e+00 -2.389316740917988e+00
-2.312118057980982e+00 -2.338261212717709e+00
-2.258640782099657e+00 -2.285575219373072e+00
-2.203630046304114e+00 -2.231322950651311e+00
-2.147152872702070e+00 -2.175570504584941e+00
-2.089278070030039e+00 -2.118385806941489e+00
-2.030076149820079e+00 -2.059838528466406e+00
-1.969619240492673e+00 -1.999999999999996e+00
-1.907980999479090e+00 -1.938943125571778e+00
-1.845236523481412e+00 -1.876742293578152e+00
-1.781462256978545e+00 -1.813473286151599e+00
-1.716735899090560e+00 -1.749213186831823e+00
-1.651136308914293e+00 -1.684040286651337e+00
-1.584743409445458e+00 -1.618033988749895e+00
-1.517638090205001e+00 -1.551274711634000e+00
-1.449902108687731e+00 -1.483843791199337e+00
-1.381617990753101e+00 -1.415823381635521e+00
-1.312868930080448e+00 -1.347296355333864e+00
-1.243738686810255e+00 -1.278346201920135e+00
-1.174311485495325e+00 -1.209056926535312e+00
-1.104671912485871e+00 -1.139512947488257e+00
-1.034904812874549e+00 -1.069798993405009e+00
-9.650951871254354e-01 -1.000000000000008e+00
-8.953280875140459e-01 -9.302010065950064e-01
-8.256885145046915e-01 -8.604870525117585e-01
-7.562613131896987e-01 -7.909430734647028e-01
-6.871310699195232e-01 -7.216537980798796e-01
-6.183820092469041e-01 -6.527036446661505e-01
-5.500978913122201e-01 -5.841766183644933e-01
-4.823619097949849e-01 -5.161562088006773e-01
-4.152565905544989e-01 -4.487252883660149e-01
-3.488636910856682e-01 -3.819660112501191e-01
-2.832641009093959e-01 -3.159597133486770e-01
-2.185377430214661e-01 -2.507868131681910e-01
-1.547634765185666e-01 -1.865267138484151e-01
-9.201900052089740e-02 -1.232577064218612e-01
-3.038075950732466e-02 -6.105687442823482e-02
3.007614982012952e-02 -1.676436767183986e-14
8.927807003006161e-02 5.983852846639293e-02
1.471528727020968e-01 1.183858069414763e-01
2.036300463041065e-01 1.755705045849287e-01
2.586407820996822e-01 2.313229506512988e-01
3.121180579810413e-01 2.855752193730607e-01
3.639967201249850e-01 3.382612127176985e-01
4.142135623731126e-01 3.893167409179767e-01
4.627074032383469e-01 4.386796006772844e-01
5.094191604455466e-01 4.862896509547707e-01
5.542919229139591e-01 5.320888862379385e-01
5.972710200945792e-01 5.760215072134267e-01
6.383040885779938e-01 6.180339887498778e-01
6.773411358908508e-01 6.580751451100668e-01
7.143346014042337e-01 6.960961923128357e-01
7.492394142787948e-01 7.320508075688617e-01
7.820130483767465e-01 7.658951857178389e-01
8.126155740732977e-01 7.975880925983196e-01
8.410097069048879e-01 8.270909152851882e-01
8.671608529944068e-01 8.543677091335620e-01
8.910371511986370e-01 8.793852415718046e-01
9.126095119260723e-01 9.021130325902960e-01
9.318516525781410e-01 9.225233918766276e-01
9.487401295704745e-01 9.405914525519838e-01
9.632543668953308e-01 9.562952014676034e-01
9.753766811902763e-01 9.696155060244094e-01
9.850923032826452e-01 9.805361374831352e-01
9.923893961834923e-01 9.890437907365424e-01
9.972590695091483e-01 9.951281005196455e-01
9.996953903127827e-01 9.987816540381900e-01
9.996953903127822e-01 1.000000000000000e+00
9.972590695091473e-01 9.987816540381931e-01
9.923893961834904e-01 9.951281005196515e-01
9.850923032826426e-01 9.890437907365515e-01
9.753766811902732e-01 9.805361374831472e-01
9.632543668953262e-01 9.696155060244243e-01
9.487401295704662e-01 9.562952014676211e-01
9.318516525781340e-01 9.405914525520047e-01
9.126095119260677e-01 9.225233918766513e-01
8.910371511986277e-01 9.021130325903226e-01
8.671608529943986e-01 8.793852415718342e-01
8.410097069048735e-01 8.543677091335942e-01
8.126155740732957e-01 8.270909152852233e-01
7.820130483767276e-01 7.975880925983574e-01
7.492394142787875e-01 7.658951857178793e-01
7.143346014042209e-01 7.320508075689047e-01
6.773411358908421e-01 6.960961923128814e-01
6.383040885779756e-01 6.580751451101150e-01
5.972710200945810e-01 6.180339887499287e-01
5.542919229139212e-01 5.760215072134798e-01
5.094191604455336e-01 5.320888862379940e-01
4.627074032383375e-01 4.862896509548285e-01
4.142135623730929e-01 4.386796006773444e-01
3.639967201249792e-01 3.893167409180387e-01
3.121180579810148e-01 3.382612127177627e-01
2.586407820996497e-01 2.855752193731269e-01
2.036300463040966e-01 2.313229506513668e-01
1.471528727020757e-01 1.755705045849985e-01
8.927807003004717e-02 1.183858069415478e-01
3.007614982008489e-02 5.983852846646598e-02
-3.038075950732977e-02 5.795364188543317e-14
-9.201900052093581e-02 -6.105687442815866e-02
-1.547634765185828e-01 -1.232577064217836e-01
-2.185377430214837e-01 -1.865267138483363e-01
-2.832641009093944e-01 -2.507868131681110e-01
-3.488636910857099e-01 -3.159597133485960e-01
-4.152565905545491e-01 -3.819660112500370e-01
-4.823619097949792e-01 -4.487252883659320e-01
-5.500978913122754e-01 -5.161562088005935e-01
-6.183820092468990e-01 -5.841766183644089e-01
-6.871310699195452e-01 -6.527036446660657e-01
-7.562613131897011e-01 -7.216537980797942e-01
-8.256885145047141e-01 -7.909430734646171e-01
-8.953280875141192e-01 -8.604870525116723e-01
-9.650951871254505e-01 -9.302010065949201e-01
-1.034904812874580e+00 -9.999999999999212e-01
-1.104671912485877e+00 -1.069798993404922e+00
-1.174311485495322e+00 -1.139512947488170e+00
-1.243738686810313e+00 -1.209056926535226e+00
-1.312868930080486e+00 -1.278346201920050e+00
-1.381617990753090e+00 -1.347296355333779e+00
-1.449902108687751e+00 -1.415823381635437e+00
-1.517638090205070e+00 -1.483843791199254e+00
-1.584743409445487e+00 -1.551274711633917e+00
-1.651136308914309e+00 -1.618033988749813e+00
-1.716735899090651e+00 -1.684040286651256e+00
-1.781462256978585e+00 -1.749213186831743e+00
-1.845236523481415e+00 -1.813473286151520e+00
-1.907980999479099e+00 -1.876742293578075e+00
-1.969619240492685e+00 -1.938943125571702e+00
-2.030076149820116e+00 -1.999999999999921e+00
-2.089278070030066e+00 -2.059838528466332e+00
-2.147152872702079e+00 -2.118385806941417e+00
-2.203630046304098e+00 -2.175570504584871e+00
-2.258640782099709e+00 -2.231322950651243e+00
-2.312118057981040e+00 -2.285575219373006e+00
-2.363996720124971e+00 -2.338261212717645e+00
-2.414213562373101e+00 -2.389316740917925e+00
-2.462707403238413e+00 -2.438679600677235e+00
-2.509419160445537e+00 -2.486289650954723e+00
-2.554291922913921e+00 -2.532088886237893e+00
-2.597271020094604e+00 -2.576021507213383e+00
-2.638304088578018e+00 -2.618033988749836e+00
-2.677341135890872e+00 -2.658075145110027e+00
-2.714334601404208e+00 -2.696096192312798e+00
-2.749239414278826e+00 -2.732050807568826e+00
-2.782013048376717e+00 -2.765895185717805e+00
-2.812615574073331e+00 -2.797588092598288e+00
-2.841009706904871e+00 -2.827090915285159e+00
-2.867160852994405e+00 -2.854367709133535e+00
-2.891037151198644e+00 -2.879385241571780e+00
-2.912609511926076e+00 -2.902113032590274e+00
-2.931851652578146e+00 -2.922523391876608e+00
-2.948740129570450e+00 -2.940591452551967e+00
-2.963254366895377e+00 -2.956295201467588e+00
-2.975376681190288e+00 -2.969615506024397e+00
-2.985092303282633e+00 -2.980536137483125e+00
-2.992389396183492e+00 -2.989043790736535e+00
-2.997259069509171e+00 -2.995128100519641e+00
-2.999695390312812e+00 -2.998781654038187e+00
-2.999695390312768e+00 -3.000000000000000e+00
-2.997259069509166e+00 -2.998781654038195e+00
-2.992389396183512e+00 -2.995128100519657e+00
-2.985092303282635e+00 -2.989043790736559e+00
-2.975376681190269e+00 -2.980536137483157e+00
-2.963254366895345e+00 -2.969615506024437e+00
-2.948740129570482e+00 -2.956295201467636e+00
-2.931851652578109e+00 -2.940591452552022e+00
-2.912609511926099e+00 -2.922523391876671e+00
-2.891037151198663e+00 -2.902113032590345e+00
-2.867160852994397e+00 -2.879385241571859e+00
-2.841009706904881e+00 -2.854367709133621e+00
-2.812615574073296e+00 -2.827090915285252e+00
-2.782013048376721e+00 -2.797588092598389e+00
-2.749239414278825e+00 -2.765895185717913e+00
-2.714334601404213e+00 -2.732050807568941e+00
-2.677341135890809e+00 -2.696096192312919e+00
-2.638304088577997e+00 -2.658075145110155e+00
-2.597271020094623e+00 -2.618033988749970e+00
-2.554291922913972e+00 -2.576021507213524e+00
-2.509419160445580e+00 -2.532088886238040e+00
-2.462707403238336e+00 -2.486289650954876e+00
-2.414213562373075e+00 -2.438679600677394e+00
-2.363996720124994e+00 -2.389316740918090e+00
-2.312118057981045e+00 -2.338261212717816e+00
-2.258640782099667e+00 -2.285575219373182e+00
-2.203630046304079e+00 -2.231322950651423e+00
-2.147152872702113e+00 -2.175570504585056e+00
-2.089278070030092e+00 -2.118385806941607e+00
-2.030076149820092e+00 -2.059838528466527e+00
-1.969619240492666e+00 -2.000000000000120e+00
-1.907980999479139e+00 -1.938943125571904e+00
-1.845236523481391e+00 -1.876742293578280e+00
-1.781462256978531e+00 -1.813473286151729e+00
-1.716735899090617e+00 -1.749213186831955e+00
-1.651136308914268e+00 -1.684040286651471e+00
-1.584743409445498e+00 -1.618033988750031e+00
-1.517638090205043e+00 -1.551274711634137e+00
-1.449902108687730e+00 -1.483843791199476e+00
-1.381617990753117e+00 -1.415823381635661e+00
-1.312868930080450e+00 -1.347296355334004e+00
-1.243738686810302e+00 -1.278346201920276e+00
-1.174311485495308e+00 -1.209056926535454e+00
-1.104671912485899e+00 -1.139512947488399e+00
-1.034904812874544e+00 -1.069798993405151e+00
-9.650951871254416e-01 -1.000000000000150e+00
-8.953280875141265e-01 -9.302010065951488e-01
-8.256885145046933e-01 -8.604870525119007e-01
-7.562613131896827e-01 -7.909430734648446e-01
-6.871310699195687e-01 -7.216537980800208e-01
-6.183820092469008e-01 -6.527036446662910e-01
-5.500978913122456e-01 -5.841766183646327e-01
-4.823619097949716e-01 -5.161562088008156e-01
-4.152565905545353e-01 -4.487252883661520e-01
-3.488636910857041e-01 -3.819660112502546e-01
-2.832641009093990e-01 -3.159597133488110e-01
-2.185377430214657e-01 -2.507868131683232e-01
-1.547634765185919e-01 -1.865267138485454e-01
-9.201900052089695e-02 -1.232577064219893e-01
-3.038075950734687e-02 -6.105687442836072e-02
3.007614982011042e-02 -1.402211680101573e-13
8.927807003005106e-02 5.983852846627191e-02
1.471528727020841e-01 1.183858069413581e-01
2.036300463041135e-01 1.755705045848133e-01
2.586407820996459e-01 2.313229506511865e-01
3.121180579810163e-01 2.855752193729515e-01
3.639967201250024e-01 3.382612127175926e-01
4.142135623730957e-01 3.893167409178742e-01
4.627074032383315e-01 4.386796006771854e-01
5.094191604455310e-01 4.862896509546752e-01
5.542919229139429e-01 5.320888862378468e-01
5.972710200945850e-01 5.760215072133388e-01
6.383040885779844e-01 6.180339887497941e-01
6.773411358908518e-01 6.580751451099871e-01
7.143346014042156e-01 6.960961923127602e-01
7.492394142787839e-01 7.320508075687904e-01
7.820130483767280e-01 7.658951857177718e-01
8.126155740732904e-01 7.975880925982570e-01
8.410097069048855e-01 8.270909152851300e-01
8.671608529943954e-01 8.543677091335085e-01
8.910371511986249e-01 8.793852415717560e-01
9.126095119260650e-01 9.021130325902520e-01
9.318516525781390e-01 9.225233918765883e-01
9.487401295704629e-01 9.405914525519494e-01
9.632543668953285e-01 9.562952014675736e-01
9.753766811902722e-01 9.696155060243845e-01
9.850923032826450e-01 9.805361374831152e-01
9.923893961834881e-01 9.890437907365275e-01
9.972590695091481e-01 9.951281005196357e-01
9.996953903127863e-01 9.987816540381851e-01
