-4.845109086955827e+00
-1.772316501368361e+00
-3.307484452173890e-01
3.304296357640296e-01
5.965056143385418e-01
7.185351876196997e-01
7.949525953189398e-01
8.341827518056533e-01
8.665544353115526e-01
8.839369732397668e-01
9.000365934648520e-01
9.118626302869149e-01
9.214130090876860e-01
9.262377597353597e-01
9.333503152214526e-01
9.387889813471491e-01
9.429930042281546e-01
9.448973923248761e-01
9.472345114508590e-01
9.475050363230487e-01
9.508492930372171e-01
9.535730469374446e-01
9.545509371402177e-01
9.541195959230742e-01
9.518847791876734e-01
9.538835207621412e-01
9.551214913554610e-01
9.557276909573614e-01
9.616897428652040e-01
9.569770681377531e-01
9.584265445086377e-01
9.559972360081512e-01
9.471909040098702e-01
9.398409570676531e-01
8.850844180294898e-01
9.217301593335774e-01
9.876278398484863e-01
9.753169568937787e-01
9.322701139021469e-01
9.802292362150852e-01
9.721152274986314e-01
