-1.368143530022196e+00
2.965929857003793e-01
6.999773521004959e-01
8.753390626501159e-01
8.882563308712923e-01
8.695605830336074e-01
9.079315980793290e-01
9.550709317659820e-01
9.574456280681284e-01
9.156323930633297e-01
8.819359663485948e-01
8.652943060126899e-01
8.415159159810263e-01
7.890756003621560e-01
7.386730142700924e-01
6.837372694905421e-01
6.141087204536760e-01
5.430329482189733e-01
5.047949338449151e-01
4.968254422212578e-01
4.392033493118205e-01
2.712997092283972e-01
7.452857318155326e-02
-3.854693528377817e-02
-9.762803803708153e-02
-1.095259237000985e-01
-7.029531675469913e-02
1.408235993659190e-02
1.101957936933220e-01
1.854590157621316e-01
2.367232110432408e-01
2.689295635410772e-01
2.888345830951110e-01
3.040103302389792e-01
3.185152560722125e-01
3.292968550752036e-01
3.343087939003773e-01
3.314801858526364e-01
3.190944090566156e-01
3.086522374805409e-01
3.214869568900347e-01
3.407534505690570e-01
3.497023776089291e-01
3.555622100875500e-01
3.703661677266357e-01
3.955270869754133e-01
4.302620464141752e-01
4.788762411154606e-01
5.697696639648191e-01
6.547689818979041e-01
5.558082795655916e-01
6.065769117663138e-01
6.843620354111853e-01
8.045042877650452e-01
8.398851602581596e-01
7.136188411102135e-01
6.960994281344467e-01
6.612316698916962e-01
2.271584470357227e-01
