9.996953903127824e-01
9.972590695091479e-01
9.923893961834889e-01
9.850923032826454e-01
9.753766811902752e-01
9.632543668953256e-01
9.487401295704742e-01
9.318516525781279e-01
9.126095119260770e-01
8.910371511986317e-01
8.671608529944024e-01
8.410097069048832e-01
8.126155740732897e-01
7.820130483767375e-01
7.492394142787935e-01
7.143346014042380e-01
6.773411358908320e-01
6.383040885779863e-01
5.972710200945781e-01
5.542919229139449e-01
5.094191604455354e-01
4.627074032383344e-01
4.142135623730877e-01
3.639967201250063e-01
3.121180579810233e-01
2.586407820996646e-01
2.036300463040888e-01
1.471528727021001e-01
8.927807003005017e-02
3.007614982010343e-02
-3.038075950732644e-02
-9.201900052091960e-02
-1.547634765185932e-01
-2.185377430214483e-01
-2.832641009094397e-01
-3.488636910856455e-01
-4.152565905545587e-01
-4.823619097949445e-01
-5.500978913122903e-01
-6.183820092468708e-01
-6.871310699195752e-01
-7.562613131897045e-01
-8.256885145046926e-01
-8.953280875141156e-01
-9.650951871254281e-01
-1.034904812874578e+00
-1.104671912485884e+00
-1.174311485495347e+00
-1.243738686810295e+00
-1.312868930080484e+00
-1.381617990753079e+00
-1.449902108687711e+00
-1.517638090205046e+00
-1.584743409445471e+00
-1.651136308914327e+00
-1.716735899090600e+00
-1.781462256978557e+00
-1.845236523481364e+00
-1.907980999479107e+00
-1.969619240492726e+00
-2.030076149820095e+00
-2.089278070030033e+00
-2.147152872702085e+00
-2.203630046304141e+00
-2.258640782099678e+00
-2.312118057980987e+00
-2.363996720124981e+00
-2.414213562373093e+00
-2.462707403238349e+00
-2.509419160445600e+00
-2.554291922913940e+00
-2.597271020094593e+00
-2.638304088577986e+00
-2.677341135890833e+00
-2.714334601404222e+00
-2.749239414278808e+00
-2.782013048376753e+00
-2.812615574073303e+00
-2.841009706904850e+00
-2.867160852994399e+00
-2.891037151198681e+00
-2.912609511926085e+00
-2.931851652578122e+00
-2.948740129570457e+00
-2.963254366895339e+00
-2.975376681190302e+00
-2.985092303282674e+00
-2.992389396183485e+00
-2.997259069509144e+00
-2.999695390312775e+00
-2.999695390312780e+00
-2.997259069509149e+00
-2.992389396183500e+00
-2.985092303282644e+00
-2.975376681190288e+00
-2.963254366895328e+00
-2.948740129570462e+00
-2.931851652578153e+00
-2.912609511926059e+00
-2.891037151198615e+00
-2.867160852994401e+00
-2.841009706904878e+00
-2.812615574073348e+00
-2.782013048376722e+00
-2.749239414278808e+00
-2.714334601404205e+00
-2.677341135890837e+00
-2.638304088578033e+00
-2.597271020094593e+00
-2.554291922913931e+00
-2.509419160445540e+00
-2.462707403238365e+00
-2.414213562373069e+00
-2.363996720125001e+00
-2.312118057981011e+00
-2.258640782099683e+00
-2.203630046304097e+00
-2.147152872702082e+00
-2.089278070030087e+00
-2.030076149820101e+00
-1.969619240492694e+00
-1.907980999479093e+00
-1.845236523481384e+00
-1.781462256978540e+00
-1.716735899090603e+00
-1.651136308914357e+00
-1.584743409445440e+00
-1.517638090205068e+00
-1.449902108687717e+00
-1.381617990753104e+00
-1.312868930080465e+00
-1.243738686810296e+00
-1.174311485495324e+00
-1.104671912485879e+00
-1.034904812874563e+00
-9.650951871254299e-01
-8.953280875141338e-01
-8.256885145046697e-01
-7.562613131897133e-01
-6.871310699195412e-01
-6.183820092469150e-01
-5.500978913122643e-01
-4.823619097949472e-01
-4.152565905545660e-01
-3.488636910856928e-01
-2.832641009093955e-01
-2.185377430214479e-01
-1.547634765186103e-01
-9.201900052091871e-02
-3.038075950731889e-02
3.007614982010021e-02
8.927807003006294e-02
1.471528727020958e-01
2.036300463040893e-01
2.586407820996799e-01
3.121180579810275e-01
3.639967201249823e-01
4.142135623730931e-01
4.627074032383447e-01
5.094191604455340e-01
5.542919229139485e-01
5.972710200945847e-01
6.383040885779838e-01
6.773411358908576e-01
7.143346014042211e-01
7.492394142787935e-01
7.820130483767261e-01
8.126155740733029e-01
8.410097069048799e-01
8.671608529944036e-01
8.910371511986337e-01
9.126095119260714e-01
9.318516525781363e-01
9.487401295704727e-01
9.632543668953270e-01
9.753766811902752e-01
9.850923032826441e-01
9.923893961834905e-01
9.972590695091477e-01
9.996953903127824e-01
9.996953903127827e-01
9.972590695091480e-01
9.923893961834909e-01
9.850923032826445e-01
9.753766811902757e-01
9.632543668953277e-01
9.487401295704699e-01
9.318516525781383e-01
9.126095119260689e-01
8.910371511986336e-01
8.671608529944077e-01
8.410097069048822e-01
8.126155740732881e-01
7.820130483767465e-01
7.492394142787833e-01
7.143346014042322e-01
6.773411358908485e-01
6.383040885779947e-01
5.972710200945773e-01
5.542919229139300e-01
5.094191604455516e-01
4.627074032383441e-01
4.142135623730963e-01
3.639967201250015e-01
3.121180579810191e-01
2.586407820996656e-01
2.036300463041107e-01
1.471528727020910e-01
8.927807003005395e-02
3.007614982010676e-02
-3.038075950731622e-02
-9.201900052091538e-02
-1.547634765186037e-01
-2.185377430214706e-01
-2.832641009093975e-01
-3.488636910856842e-01
-4.152565905545185e-01
-4.823619097949359e-01
-5.500978913122943e-01
-6.183820092469139e-01
-6.871310699195459e-01
-7.562613131896845e-01
-8.256885145046873e-01
-8.953280875141070e-01
-9.650951871254243e-01
-1.034904812874580e+00
-1.104671912485884e+00
-1.174311485495326e+00
-1.243738686810312e+00
-1.312868930080485e+00
-1.381617990753080e+00
-1.449902108687715e+00
-1.517638090205034e+00
-1.584743409445488e+00
-1.651136308914312e+00
-1.716735899090588e+00
-1.781462256978557e+00
-1.845236523481383e+00
-1.907980999479070e+00
-1.969619240492724e+00
-2.030076149820109e+00
-2.089278070030054e+00
-2.147152872702065e+00
-2.203630046304106e+00
-2.258640782099716e+00
-2.312118057981005e+00
-2.363996720124956e+00
-2.414213562373065e+00
-2.462707403238362e+00
-2.509419160445555e+00
-2.554291922913928e+00
-2.597271020094594e+00
-2.638304088578002e+00
-2.677341135890841e+00
-2.714334601404228e+00
-2.749239414278802e+00
-2.782013048376716e+00
-2.812615574073301e+00
-2.841009706904876e+00
-2.867160852994400e+00
-2.891037151198629e+00
-2.912609511926094e+00
-2.931851652578146e+00
-2.948740129570429e+00
-2.963254366895316e+00
-2.975376681190284e+00
-2.985092303282630e+00
-2.992389396183503e+00
-2.997259069509147e+00
-2.999695390312773e+00
-2.999695390312775e+00
-2.997259069509145e+00
-2.992389396183501e+00
-2.985092303282637e+00
-2.975376681190284e+00
-2.963254366895312e+00
-2.948740129570432e+00
-2.931851652578146e+00
-2.912609511926099e+00
-2.891037151198632e+00
-2.867160852994413e+00
-2.841009706904873e+00
-2.812615574073299e+00
-2.782013048376690e+00
-2.749239414278822e+00
-2.714334601404222e+00
-2.677341135890807e+00
-2.638304088577993e+00
-2.597271020094613e+00
-2.554291922913930e+00
-2.509419160445578e+00
-2.462707403238349e+00
-2.414213562373085e+00
-2.363996720124953e+00
-2.312118057981007e+00
-2.258640782099710e+00
-2.203630046304087e+00
-2.147152872702043e+00
-2.089278070030075e+00
-2.030076149820101e+00
-1.969619240492704e+00
-1.907980999479084e+00
-1.845236523481380e+00
-1.781462256978579e+00
-1.716735899090573e+00
-1.651136308914310e+00
-1.584743409445491e+00
-1.517638090205025e+00
-1.449902108687767e+00
-1.381617990753057e+00
-1.312868930080469e+00
-1.243738686810320e+00
-1.174311485495305e+00
-1.104671912485887e+00
-1.034904812874542e+00
-9.650951871254361e-01
-8.953280875140961e-01
-8.256885145046915e-01
-7.562613131897116e-01
-6.871310699195272e-01
-6.183820092469385e-01
-5.500978913122305e-01
-4.823619097949461e-01
-4.152565905545365e-01
-3.488636910856846e-01
-2.832641009094066e-01
-2.185377430214577e-01
-1.547634765185952e-01
-9.201900052091161e-02
-3.038075950732644e-02
3.007614982014351e-02
8.927807003002353e-02
1.471528727021099e-01
2.036300463040709e-01
2.586407820996743e-01
3.121180579810395e-01
3.639967201249722e-01
4.142135623730846e-01
4.627074032383712e-01
5.094191604455408e-01
5.542919229139298e-01
5.972710200945917e-01
6.383040885779900e-01
6.773411358908437e-01
7.143346014042301e-01
7.492394142787904e-01
7.820130483767287e-01
8.126155740732997e-01
8.410097069048832e-01
8.671608529944036e-01
8.910371511986365e-01
9.126095119260713e-01
9.318516525781325e-01
9.487401295704724e-01
9.632543668953282e-01
9.753766811902747e-01
9.850923032826462e-01
9.923893961834884e-01
9.972590695091482e-01
9.996953903127825e-01
