1.000000000000000e+00 0.000000000000000e+00
9.903926402016152e-01 9.754516100806412e-02
9.619397662556434e-01 1.913417161825449e-01
9.157348061512727e-01 2.777851165098011e-01
8.535533905932737e-01 3.535533905932737e-01
7.777851165098011e-01 4.157348061512726e-01
6.913417161825448e-01 4.619397662556433e-01
5.975451610080641e-01 4.903926402016152e-01
5.000000000000000e-01 4.999999999999999e-01
4.024548389919359e-01 4.903926402016152e-01
3.086582838174552e-01 4.619397662556433e-01
2.222148834901990e-01 4.157348061512726e-01
1.464466094067264e-01 3.535533905932737e-01
8.426519384872755e-02 2.777851165098011e-01
3.806023374435680e-02 1.913417161825449e-01
9.607359798384951e-03 9.754516100806418e-02
1.665334536937735e-16 8.206366238286754e-17
9.607359798384951e-03 -9.754516100806401e-02
3.806023374435674e-02 -1.913417161825447e-01
8.426519384872749e-02 -2.777851165098009e-01
1.464466094067263e-01 -3.535533905932736e-01
2.222148834901989e-01 -4.157348061512724e-01
3.086582838174551e-01 -4.619397662556431e-01
4.024548389919358e-01 -4.903926402016150e-01
4.999999999999999e-01 -4.999999999999998e-01
5.975451610080640e-01 -4.903926402016150e-01
6.913417161825447e-01 -4.619397662556431e-01
7.777851165098009e-01 -4.157348061512725e-01
8.535533905932735e-01 -3.535533905932737e-01
9.157348061512722e-01 -2.777851165098011e-01
9.619397662556430e-01 -1.913417161825449e-01
9.903926402016149e-01 -9.754516100806424e-02
