9.840000000000000e-01 2.550000000000000e-03 3.240385779502190e-02 2.983546850128518e+00
9.544999999999999e-01 7.435000000000000e-03 2.740089232123657e-02 2.970324174973394e+00
9.275000000000000e-01 1.229000000000000e-02 2.746637216670588e-02 2.957049856399178e+00
8.995000000000000e-01 1.765500000000000e-02 2.955293724826690e-02 2.947846954764038e+00
8.720000000000000e-01 2.310000000000000e-02 2.651490147068250e-02 2.944197093739913e+00
8.445000000000000e-01 2.857000000000000e-02 2.956260475668546e-02 2.946187272882268e+00
8.175000000000000e-01 3.384500000000000e-02 2.545851723883375e-02 2.951515351503224e+00
7.905000000000000e-01 3.891500000000000e-02 2.948574062152758e-02 2.959828096243926e+00
7.635000000000001e-01 4.377499999999999e-02 2.538251563576788e-02 2.967764875495942e+00
7.370000000000000e-01 4.833500000000000e-02 2.839670579486292e-02 2.974244014460615e+00
7.095000000000000e-01 5.291000000000000e-02 2.735939326812642e-02 2.979328236894826e+00
6.830000000000001e-01 5.719000000000000e-02 2.632754451140469e-02 2.983687511281902e+00
6.595000000000000e-01 6.088000000000000e-02 2.124847288630411e-02 2.988513956393091e+00
6.360000000000000e-01 6.441000000000000e-02 2.627912479516777e-02 2.995713271528273e+00
6.105000000000000e-01 6.806999999999999e-02 2.524381112272870e-02 3.002496712107722e+00
5.865000000000000e-01 7.138000000000000e-02 2.321065272671152e-02 3.006763480316503e+00
5.655000000000000e-01 7.421000000000000e-02 1.916902710102932e-02 3.008696388819185e+00
5.455000000000001e-01 7.686999999999999e-02 2.118321033271399e-02 3.009976983260977e+00
5.260000000000000e-01 7.941999999999999e-02 1.814889528318461e-02 3.013410449736091e+00
5.024999999999999e-01 8.234500000000000e-02 2.921405312516566e-02 3.020464413011980e+00
4.730000000000000e-01 8.573000000000000e-02 3.017445277051430e-02 3.034009643196831e+00
4.445000000000000e-01 8.862000000000000e-02 2.711921090297432e-02 3.047794631534519e+00
4.180000000000000e-01 9.097500000000000e-02 2.609039861711581e-02 3.058324102098004e+00
3.930000000000000e-01 9.298000000000001e-02 2.407042999200473e-02 3.065075669273454e+00
3.595000000000000e-01 9.539000000000000e-02 4.310313677680545e-02 3.072400958069660e+00
3.165000000000000e-01 9.812000000000000e-02 4.307145690593717e-02 3.083982055873755e+00
2.745000000000000e-01 1.001100000000000e-01 4.102742984882186e-02 3.105023597676252e+00
2.340000000000000e-01 1.008400000000000e-01 4.000001999999501e-02 -3.140592653923127e+00
2.025000000000000e-01 1.002800000000000e-01 2.302534255988388e-02 -3.094670597977221e+00
1.745000000000000e-01 9.801499999999999e-02 3.317985081340783e-02 -3.037425605890335e+00
1.445000000000000e-01 9.381000000000000e-02 2.745180504083474e-02 -2.959914576127007e+00
1.190000000000000e-01 8.812500000000000e-02 2.484125801967365e-02 -2.880601298061633e+00
9.450000000000000e-02 8.036499999999999e-02 2.660812094079549e-02 -2.792147362925956e+00
7.135000000000000e-02 7.070500000000000e-02 2.362062869612069e-02 -2.694607013211241e+00
4.725000000000000e-02 5.681000000000000e-02 3.213512719750772e-02 -2.562738767685727e+00
2.970000000000000e-02 4.454500000000000e-02 1.074906972719034e-02 -2.438516274026018e+00
1.742500000000000e-02 3.195500000000000e-02 2.448786229951484e-02 -2.301881273986632e+00
6.840000000000000e-03 1.893500000000000e-02 9.177608620986188e-03 -2.123736196902456e+00
2.675000000000000e-03 1.069500000000000e-02 9.353555473722278e-03 -1.955471828054310e+00
4.600000000000000e-04 3.120000000000000e-03 6.544982811283770e-03 -1.711829077379188e+00
2.250000000000000e-03 -6.140000000000000e-03 1.285346645850838e-02 -1.213118353230212e+00
8.850000000000000e-03 -1.568500000000000e-02 1.119787926350342e-02 -6.810170104471180e-01
1.490000000000000e-02 -2.013000000000000e-02 3.865953957304716e-03 -4.960436783661775e-01
3.400000000000000e-02 -2.630000000000000e-02 3.634955295461004e-02 -2.930378208285155e-01
7.145000000000000e-02 -3.429500000000000e-02 4.047406700592368e-02 -1.360618365826209e-01
1.107500000000000e-01 -3.851000000000000e-02 3.861209137045028e-02 -7.621571780098486e-02
1.435000000000000e-01 -4.067500000000000e-02 2.703575595392146e-02 -5.143607247571645e-02
1.695000000000000e-01 -4.187000000000000e-02 2.501999200639360e-02 -3.997868712329009e-02
1.985000000000000e-01 -4.289500000000000e-02 3.301670031968670e-02 -3.180745079516320e-02
2.305000000000000e-01 -4.382500000000000e-02 3.101058045248428e-02 -2.612308836663361e-02
2.570000000000000e-01 -4.446500000000000e-02 2.200501988183607e-02 -2.136038709685483e-02
2.795000000000000e-01 -4.488499999999999e-02 2.300297589443588e-02 -1.608556902177064e-02
3.060000000000000e-01 -4.519000000000000e-02 3.000095998464052e-02 -7.999829339886763e-03
3.335000000000000e-01 -4.528000000000000e-02 2.500007199989629e-02 2.399995392016108e-03
3.610000000000000e-01 -4.505500000000000e-02 3.000253489290533e-02 1.299926774091634e-02
3.905000000000000e-01 -4.453500000000000e-02 2.900728356809719e-02 2.241004083466118e-02
4.195000000000000e-01 -4.379000000000000e-02 2.901216296659038e-02 2.895742061570009e-02
4.470000000000000e-01 -4.293500000000000e-02 2.601455169707910e-02 3.344905816704455e-02
4.735000000000000e-01 -4.199500000000000e-02 2.701888413684026e-02 3.738997380421673e-02
4.990000000000000e-01 -4.098000000000000e-02 2.402166522121231e-02 4.247443915418683e-02
5.215000000000001e-01 -3.997500000000000e-02 2.102332276306485e-02 4.710797944115436e-02
5.420000000000000e-01 -3.897000000000000e-02 2.002599310895719e-02 5.095585187710743e-02
5.620000000000001e-01 -3.791000000000000e-02 2.003022715797293e-02 5.494464210656180e-02
5.840000000000000e-01 -3.663000000000000e-02 2.404436732376215e-02 6.075845765877821e-02
6.100000000000000e-01 -3.494500000000000e-02 2.806506903608116e-02 6.810877548387756e-02
6.370000000000000e-01 -3.303000000000000e-02 2.607079592187398e-02 7.371235739434007e-02
6.660000000000000e-01 -3.082000000000000e-02 3.209750769140809e-02 7.796663383154230e-02
6.980000000000000e-01 -2.830500000000000e-02 3.209985825513868e-02 7.889837839970552e-02
7.284999999999999e-01 -2.590500000000000e-02 2.908870743089148e-02 7.811657893979812e-02
7.560000000000000e-01 -2.373500000000000e-02 2.608227175688501e-02 7.944780454638872e-02
7.825000000000000e-01 -2.157000000000000e-02 2.709442008975282e-02 8.350903669009874e-02
8.109999999999999e-01 -1.906500000000000e-02 3.012577799825251e-02 9.141120186028109e-02
8.400000000000000e-01 -1.627500000000000e-02 2.814265268236101e-02 1.007293599390634e-01
8.694999999999999e-01 -1.317000000000000e-02 3.118372011162237e-02 1.086032542344206e-01
9.005000000000001e-01 -9.715000000000001e-03 3.120033493409969e-02 1.133825887227380e-01
9.310000000000000e-01 -6.280000000000001e-03 3.018535406451273e-02 1.108767280116670e-01
9.624999999999999e-01 -3.020000000000000e-03 3.315286412966460e-02 9.606701130241170e-02
9.895000000000000e-01 -7.150000000000000e-04 2.104863178451276e-02 6.799027829290021e-02
