0.966360 -0.002390 0.077303 0.040401
0.929025 -0.005450 0.087014 0.034521
0.872370 -0.010385 0.086831 0.079218
0.793390 -0.017160 0.084314 0.079322
0.714200 -0.023500 0.075480 0.079567
0.654620 -0.027850 0.067701 0.039911
0.614725 -0.030500 0.064957 0.040054
0.574710 -0.032875 0.053618 0.040118
0.534480 -0.034875 0.045760 0.040442
0.473795 -0.037300 0.037034 0.081026
0.393000 -0.039600 0.019844 0.080636
0.332595 -0.040425 0.001244 0.040190
0.272350 -0.040150 -0.007472 0.080302
0.212175 -0.038900 -0.047405 0.040095
0.172335 -0.036875 -0.054199 0.039688
0.132890 -0.034250 -0.078797 0.039382
0.098825 -0.031175 -0.105256 0.029031
0.068060 -0.026975 -0.162367 0.033095
0.044510 -0.022750 -0.211472 0.014769
0.033360 -0.020150 -0.261077 0.008136
0.023965 -0.017400 -0.301582 0.011447
0.012045 -0.012855 -0.415130 0.014108
0.002795 -0.005005 -1.061495 0.011465
0.002795 0.008365 1.248329 0.017639
0.012045 0.021365 0.622736 0.015893
0.023965 0.028330 0.403013 0.011882
0.033360 0.032010 0.330883 0.008311
0.044510 0.035415 0.277293 0.015014
0.068060 0.040935 0.209085 0.033387
0.098825 0.046875 0.169807 0.029291
0.132890 0.052200 0.144179 0.039672
0.172335 0.057310 0.113564 0.039887
0.212175 0.061430 0.092618 0.040222
0.272350 0.065705 0.060077 0.080445
0.332595 0.068730 0.030346 0.040209
0.393000 0.069405 0.001613 0.080620
0.473795 0.067895 -0.038884 0.081031
0.534480 0.064905 -0.069935 0.040499
0.574710 0.061700 -0.089129 0.040220
0.614725 0.057790 -0.105684 0.040194
0.654620 0.053270 -0.119964 0.040108
0.714200 0.045355 -0.138137 0.080103
0.793390 0.033660 -0.155120 0.080001
0.872370 0.020995 -0.162888 0.079979
0.929025 0.011660 -0.164253 0.034859
0.966360 0.005520 -0.161926 0.040814
0.993250 0.001115 -0.163707 0.013683
